# execution time of sorting in respect to N
# N     time
1     2.3202e-05
2     2.5504e-05
3     3.0085e-05
4     3.7078e-05
5     4.176e-05
6     4.821e-05
7     5.5342e-05
8     6.454e-05
9     6.9141e-05
10     7.5295e-05
20     0.000148775
30     0.000231062
40     0.000296505
50     0.000370057
60     0.000464584
70     0.000541944
80     0.000626358
90     0.000722829
100     0.000767965
200     0.00158956
300     0.00257503
400     0.00326817
500     0.00428019
600     0.00497448
700     0.00589262
800     0.00678912
900     0.00753595
1000     0.00849672
2000     0.0171563
3000     0.025808
4000     0.0341514
5000     0.0424299
6000     0.0508665
7000     0.059185
8000     0.0676603
9000     0.0759169
10000     0.0844386
20000     0.169545
30000     0.258379
40000     0.344843
50000     0.429256
60000     0.515532
70000     0.61731
80000     0.691955
90000     0.777961
100000     0.868636
110000     0.952331
120000     1.04378
130000     1.12365
140000     1.24456
150000     1.35853
160000     1.40737
170000     1.48106
180000     1.61302
190000     1.71659
200000     1.7484
210000     1.82991
220000     1.95284
230000     2.05579
240000     2.12579
250000     2.17977
260000     2.28185
270000     2.34996
280000     2.45151
290000     2.54513
300000     2.61829
310000     2.71682
320000     2.80826
330000     2.8866
340000     2.99465
350000     3.10274
360000     3.15352
370000     3.2424
380000     3.38092
390000     3.43452
400000     3.5303
410000     3.62877
420000     3.70587
430000     3.8025
440000     3.87029
450000     3.96474
460000     4.06562
470000     4.16256
480000     4.24663
490000     4.34109
500000     4.44276
510000     4.51338
520000     4.59912
530000     4.66708
540000     4.7628
550000     4.88328
560000     4.96615
570000     5.17368
580000     5.2573
590000     5.42368
600000     5.57616
610000     5.82337
620000     5.67097
630000     5.80668
640000     5.87126
650000     5.94613
660000     6.02271
670000     6.2495
680000     6.21887
690000     6.25029
700000     6.30861
710000     6.35905
720000     6.46275
730000     6.71357
740000     6.85474
750000     6.92454
760000     6.96236
770000     7.19201
780000     7.37483
790000     7.1231
800000     7.08389
810000     7.06896
820000     7.085
830000     7.18094
840000     7.22635
850000     7.82491
860000     7.86117
870000     8.07143
880000     8.30326
890000     8.17689
900000     8.15946
910000     8.21261
920000     8.31981
930000     8.40651
940000     8.44926
950000     8.59979
960000     8.66958
970000     8.72499
980000     8.82466
990000     8.90764
1000000     8.95636
