# execution time of selecting kth element in respect to N
# N     time for soft heap     time for median of medians
1     1.94e-07     2.84e-07
2     2.5e-07     1.28e-07
3     3.64e-07     2.74e-07
4     3.2e-07     2.99e-07
5     2.86e-07     2.37e-07
6     4.72e-07     4.31e-07
7     4.96e-07     4.12e-07
8     6.19e-07     4.93e-07
9     7.03e-07     5.92e-07
10     6.562e-05     1.74e-06
20     0.000206429     3.356e-06
30     0.000191176     5.845e-06
40     0.000577917     1.0377e-05
50     0.000628931     1.2495e-05
60     0.000647151     1.169e-05
70     0.000918597     2.161e-05
80     0.000926845     1.8251e-05
90     0.00105722     2.0004e-05
100     0.00168243     3.2114e-05
200     0.00470495     8.4935e-05
300     0.00587868     0.000186117
400     0.00580859     0.000121818
500     0.00861583     0.000173533
600     0.0118742     0.000226125
700     0.0154438     0.000287028
800     0.0186335     0.000349779
900     0.0214889     0.000402689
1000     0.0148042     0.000290631
2000     0.0430431     0.000923349
3000     0.0783635     0.00167903
4000     0.0803454     0.00149021
5000     0.124374     0.00270022
6000     0.147938     0.00336795
7000     0.140818     0.00310251
8000     0.180014     0.00393927
9000     0.184863     0.00410077
10000     0.242271     0.00518684
20000     0.497786     0.0115646
30000     0.846108     0.0189884
40000     1.14081     0.0270773
50000     1.44508     0.0333567
60000     1.72322     0.0427408
70000     1.05166     0.0250303
80000     1.11181     0.0271805
90000     2.35663     0.0575463
100000     1.57212     0.0382293
110000     1.58805     0.0400853
120000     3.17411     0.0925953
130000     3.92336     0.111952
140000     4.08365     0.11011
150000     2.05434     0.0542844
160000     4.39161     0.118738
170000     3.33869     0.0949848
180000     4.38635     0.13496
190000     4.26288     0.12039
200000     5.22955     0.146931
210000     5.1564     0.149867
220000     5.00138     0.140434
230000     7.10948     0.222267
240000     5.52507     0.159964
250000     4.90788     0.14081
260000     5.78022     0.168007
270000     4.36613     0.129515
280000     5.13078     0.151102
290000     4.81242     0.154371
300000     8.84342     0.277471
310000     4.67364     0.171803
320000     10.1919     0.30014
330000     8.48945     0.256567
340000     7.98841     0.245204
350000     6.37285     0.211813
360000     7.38873     0.23427
370000     7.83803     0.269318
380000     5.74271     0.178738
390000     6.4866     0.224519
400000     5.95155     0.184033
410000     8.46961     0.27691
420000     11.9851     0.395715
430000     10.229     0.341747
440000     10.3166     0.339382
450000     9.90713     0.323726
460000     9.26483     0.299428
470000     11.6848     0.391534
480000     10.1279     0.3094
490000     9.52434     0.331438
500000     11.9124     0.390218
510000     15.1215     0.482815
520000     12.2468     0.380065
530000     12.8645     0.434837
540000     10.8654     0.370261
550000     11.2202     0.384023
560000     12.7958     0.453685
570000     8.7743     0.302744
580000     8.4435     0.282624
590000     8.11991     0.274118
600000     17.4002     0.576528
610000     10.8699     0.359021
620000     13.3235     0.439127
630000     13.1382     0.455114
640000     15.2773     0.550907
650000     19.8395     0.668554
660000     16.5976     0.576748
670000     16.4354     0.555744
680000     9.67922     0.340692
690000     17.8062     0.622131
700000     11.617     0.403145
710000     16.7004     0.580228
720000     10.9061     0.391572
730000     11.9281     0.410699
740000     16.0011     0.539716
750000     21.0053     0.721805
760000     14.4913     0.532906
770000     15.5747     0.577572
780000     23.1956     0.818206
790000     17.789     0.641959
800000     21.0754     0.753364
810000     11.2776     0.407117
820000     21.4128     0.79432
830000     15.0028     0.529606
840000     20.3001     0.7607
850000     20.3441     0.734477
860000     24.0691     0.950452
870000     14.0167     0.470501
880000     21.4698     0.771179
890000     16.8194     0.585738
900000     12.8447     0.471502
910000     26.5771     0.981345
920000     26.3855     0.960828
930000     17.5744     0.639237
940000     18.5551     0.689671
950000     25.4519     0.91629
960000     23.6174     0.851057
970000     21.0624     0.757987
980000     28.6875     1.03871
990000     16.9067     0.578228
1000000     17.333     0.602802
