# number of inversions in respect to N
# N     inversions
1     0
2     0
3     0
4     0
5     0
6     0
7     0
8     0
9     0
10     0
20     0
30     0
40     0
50     0
60     0
70     0
80     0
90     0
100     0
200     0
300     14
400     68
500     132
600     274
700     395
800     603
900     735
1000     954
2000     5392
3000     13868
4000     25971
5000     43180
6000     61573
7000     85664
8000     112611
9000     145245
10000     181471
20000     747219
30000     1686902
40000     3001981
50000     4633111
60000     6737750
70000     9211543
80000     11974918
90000     15243202
100000     18883164
110000     22817911
120000     27094198
130000     31875771
140000     36892861
150000     42368433
160000     48264710
170000     54522221
180000     60875737
190000     68053048
200000     75467151
210000     82905697
220000     91067925
230000     99635819
240000     108304553
250000     117714775
260000     127483735
270000     137232008
280000     148026002
290000     158748588
300000     169671160
310000     181313365
320000     193585000
330000     205256298
340000     218283143
350000     230777701
360000     244635977
370000     258556828
380000     272438594
390000     287132399
400000     301417585
410000     316722282
420000     333105605
430000     348697990
440000     364775441
450000     381674094
460000     398791320
470000     415846205
480000     434263093
490000     453528359
500000     471414490
510000     490739384
520000     509828318
530000     530422372
540000     549816962
550000     570724624
560000     591048545
570000     612593265
580000     635013079
590000     656689983
600000     678344986
610000     701506772
620000     724580819
630000     749080107
640000     771324893
650000     796413006
660000     821095177
670000     847214358
680000     872357511
690000     898861658
700000     923714185
710000     952394091
720000     977843720
730000     1004113171
740000     1033338758
750000     1060176470
760000     1089426807
770000     1117795393
780000     1147331595
790000     1177017677
800000     1207471975
810000     1238021132
820000     1269490429
830000     1300530515
840000     1330382014
850000     1363020054
860000     1396385450
870000     1425775331
880000     1460987970
890000     1495494585
900000     1529843799
910000     1562608642
920000     1598380748
930000     1631285151
940000     1667996612
950000     1701223581
960000     1739537172
970000     1774895759
980000     1810659695
990000     1844326650
1000000     1887384674
