# execution time of selecting kth element in respect to N
# N     time for soft heap     time for median of medians
1     2.13e-07     2.22e-07
2     2.96e-07     1.79e-07
3     2.8e-07     2.22e-07
4     2.66e-07     2.4e-07
5     3.88e-07     3.27e-07
6     4.79e-07     4.37e-07
7     4.7e-07     4.24e-07
8     4.87e-07     4.26e-07
9     7.56e-07     5.93e-07
10     6.6617e-05     1.677e-06
20     0.000130881     3.057e-06
30     0.000266189     6.148e-06
40     0.000419062     8.762e-06
50     0.000637925     1.6692e-05
60     0.000787637     2.039e-05
70     0.000996877     2.27e-05
80     0.00092836     1.7024e-05
90     0.00109767     1.9854e-05
100     0.00119355     2.1278e-05
200     0.00267269     4.5449e-05
300     0.0044418     8.0214e-05
400     0.00587713     0.000109481
500     0.00800516     0.000171488
600     0.00963731     0.000212632
700     0.012324     0.000320246
800     0.0140678     0.00040333
900     0.0137496     0.000233173
1000     0.0184482     0.000494264
2000     0.0382342     0.00114906
3000     0.0489101     0.000872677
4000     0.0684158     0.00146477
5000     0.095762     0.00252228
6000     0.110433     0.002754
7000     0.138804     0.00402253
8000     0.163771     0.00402112
9000     0.153344     0.00295482
10000     0.168274     0.00321603
20000     0.365579     0.00808867
30000     0.569829     0.0123654
40000     0.823092     0.0215602
50000     1.01527     0.0255984
60000     1.2362     0.0339588
70000     1.44675     0.0391732
80000     1.54648     0.0359312
90000     1.70843     0.0374408
100000     2.17715     0.0664416
110000     2.12914     0.0521285
120000     2.34731     0.0581183
130000     2.48406     0.0617968
140000     2.67959     0.0625837
150000     2.84946     0.0700298
160000     3.22576     0.0902633
170000     3.45088     0.0988435
180000     3.31329     0.0756997
190000     3.77521     0.106794
200000     4.01812     0.115674
210000     4.57478     0.152823
220000     4.52583     0.136908
230000     4.32784     0.111997
240000     4.48521     0.11419
250000     4.91368     0.142061
260000     5.11129     0.140544
270000     5.00046     0.127591
280000     5.43715     0.152089
290000     6.21236     0.213525
300000     6.49142     0.225683
310000     5.68727     0.146815
320000     6.76344     0.226296
330000     7.13196     0.250388
340000     7.23878     0.24248
350000     7.72645     0.27875
360000     7.29245     0.23069
370000     8.12519     0.290511
380000     8.27575     0.298578
390000     7.33466     0.193418
400000     8.18671     0.263423
410000     9.02148     0.323045
420000     7.97558     0.221345
430000     8.56171     0.259406
440000     9.18579     0.307886
450000     9.14852     0.299874
460000     9.25478     0.319467
470000     10.0108     0.352535
480000     9.18999     0.261899
490000     10.3699     0.362729
500000     9.83084     0.291935
510000     11.2188     0.412449
520000     10.6989     0.358251
530000     11.7978     0.468655
540000     11.5079     0.432723
550000     11.3348     0.397446
560000     11.8022     0.430997
570000     10.6831     0.328771
580000     12.1982     0.434571
590000     10.8014     0.304535
600000     11.2204     0.314498
610000     13.3686     0.529884
620000     12.8598     0.460387
630000     13.8286     0.538463
640000     13.7026     0.521317
650000     12.9179     0.432379
660000     12.3251     0.35839
670000     12.7551     0.390433
680000     12.9419     0.41149
690000     13.3756     0.419176
700000     14.5193     0.515548
710000     14.1413     0.472394
720000     13.4343     0.399729
730000     15.3561     0.570842
740000     15.2999     0.546646
750000     14.1998     0.423201
760000     16.5186     0.637216
770000     16.9329     0.671959
780000     15.0703     0.474174
790000     18.0254     0.704618
800000     15.3998     0.480699
810000     18.1214     0.754693
820000     18.1221     0.71579
830000     15.6055     0.479767
840000     16.2082     0.529877
850000     15.9539     0.479885
860000     19.1964     0.776378
870000     18.305     0.679159
880000     19.2886     0.774806
890000     17.9554     0.613189
900000     17.9492     0.615339
910000     17.7385     0.57038
920000     18.0715     0.595789
930000     20.6149     0.815312
940000     20.7722     0.833307
950000     19.1692     0.657492
960000     21.7123     0.880575
970000     19.7902     0.7048
980000     20.9799     0.801444
990000     19.1359     0.615006
1000000     20.6251     0.753335
