# execution time of selecting kth element in respect to N
# N     time for soft heap     time for median of medians
1     2.48e-07     2.13e-07
2     4.13e-07     2.45e-07
3     2.77e-07     1.99e-07
4     2.94e-07     2.56e-07
5     3.56e-07     3.31e-07
6     3.36e-07     3.01e-07
7     3.79e-07     3.96e-07
8     5.79e-07     4.77e-07
9     6.82e-07     6.14e-07
10     6.7492e-05     1.992e-06
20     0.000198888     4.455e-06
30     0.000272512     6.214e-06
40     0.000469987     3.7575e-05
50     0.000719435     1.1193e-05
60     0.000731198     1.5773e-05
70     0.000878122     1.812e-05
80     0.000926334     2.0226e-05
90     0.0012689     2.5001e-05
100     0.00146171     3.2277e-05
200     0.00286782     6.1281e-05
300     0.0040507     9.0804e-05
400     0.00513583     9.1574e-05
500     0.00706325     0.000135035
600     0.0110924     0.000272751
700     0.0116194     0.00030727
800     0.0120942     0.000242851
900     0.0127168     0.000240196
1000     0.0138325     0.000302766
2000     0.0471681     0.000915236
3000     0.0539056     0.00130689
4000     0.0792007     0.00203411
5000     0.0786816     0.00168982
6000     0.124433     0.00327488
7000     0.120994     0.00273565
8000     0.16875     0.00441819
9000     0.205514     0.00505823
10000     0.180599     0.00428918
20000     0.307798     0.00609726
30000     0.507502     0.0110955
40000     0.707801     0.0154794
50000     0.963575     0.0231214
60000     1.15744     0.0286727
70000     1.28874     0.0319246
80000     1.32277     0.0276908
90000     1.97906     0.0544237
100000     1.84169     0.0447538
110000     2.56438     0.075393
120000     2.28108     0.060086
130000     2.1968     0.0511905
140000     2.49519     0.0657144
150000     3.44577     0.12078
160000     3.41456     0.102222
170000     4.0435     0.126617
180000     2.99457     0.0719893
190000     3.55507     0.0969773
200000     4.475     0.142498
210000     3.95209     0.11751
220000     3.58197     0.0908507
230000     4.42991     0.128761
240000     4.66362     0.138605
250000     4.23004     0.106489
260000     5.14695     0.152961
270000     5.39431     0.173338
280000     4.73544     0.129935
290000     5.47731     0.169356
300000     6.57988     0.218097
310000     6.72056     0.222041
320000     6.84314     0.225348
330000     5.55991     0.154911
340000     8.14943     0.295597
350000     5.66548     0.156165
360000     8.22505     0.287992
370000     6.32789     0.193363
380000     8.01418     0.263398
390000     9.26577     0.340987
400000     9.70723     0.339347
410000     8.65575     0.294276
420000     7.27089     0.209828
430000     10.6019     0.38026
440000     8.66183     0.302517
450000     9.74108     0.343065
460000     9.98155     0.352304
470000     9.17048     0.302162
480000     8.9369     0.281108
490000     10.9353     0.393398
500000     8.94489     0.279387
510000     10.164     0.340499
520000     11.5053     0.40916
530000     11.9712     0.44782
540000     10.7174     0.378933
550000     12.0746     0.44523
560000     13.1267     0.494956
570000     11.4661     0.406462
580000     11.1844     0.392167
590000     13.5985     0.524863
600000     11.218     0.395567
610000     14.0278     0.528452
620000     12.4312     0.436964
630000     11.0977     0.368003
640000     11.2624     0.370203
650000     13.4785     0.477073
660000     14.1647     0.515845
670000     11.2029     0.359275
680000     11.6739     0.377614
690000     12.4184     0.42383
700000     12.953     0.43707
710000     13.4426     0.455957
720000     16.0321     0.61655
730000     12.6919     0.410001
740000     12.1446     0.391905
750000     12.4132     0.390262
760000     16.061     0.58653
770000     13.7478     0.450841
780000     17.9111     0.679673
790000     12.9385     0.413497
800000     13.564     0.449925
810000     18.4614     0.716563
820000     19.443     0.760022
830000     13.4742     0.431499
840000     16.7232     0.602176
850000     15.9603     0.563445
860000     18.5673     0.669166
870000     14.2033     0.450745
880000     19.249     0.757766
890000     17.3147     0.595828
900000     19.362     0.733932
910000     18.3955     0.678275
920000     20.0971     0.781069
930000     16.738     0.58885
940000     16.2721     0.532549
950000     22.3012     0.874364
960000     21.8753     0.878351
970000     18.4087     0.651024
980000     18.5304     0.64001
990000     16.9922     0.572051
1000000     20.6909     0.763898
