# number of inversions in respect to N
# N     inversions
1     0
2     0
3     0
4     0
5     0
6     0
7     0
8     0
9     0
10     0
20     0
30     0
40     0
50     0
60     0
70     0
80     0
90     0
100     0
200     0
300     0
400     0
500     0
600     42
700     88
800     147
900     181
1000     236
2000     1808
3000     6169
4000     11088
5000     19462
6000     28209
7000     39582
8000     51559
9000     71790
10000     87095
20000     364395
30000     815084
40000     1490068
50000     2331945
60000     3357352
70000     4616373
80000     5983835
90000     7598124
100000     9439185
110000     11376914
120000     13530722
130000     15881515
140000     18465117
150000     21180092
160000     24208341
170000     27400474
180000     30575701
190000     34169775
200000     37851835
210000     41729653
220000     45726773
230000     50048882
240000     54410094
250000     59121796
260000     63681844
270000     69056311
280000     74193440
290000     79636773
300000     85360326
310000     90718657
320000     96809729
330000     103181998
340000     109646678
350000     115785810
360000     123023148
370000     129514462
380000     136526115
390000     143559132
400000     151718823
410000     159179334
420000     167596704
430000     174868564
440000     183120642
450000     191446195
460000     200258846
470000     209119796
480000     218879264
490000     227592094
500000     237359833
510000     246566873
520000     255993154
530000     265673608
540000     276407464
550000     286613779
560000     297103587
570000     307509509
580000     318503937
590000     330006531
600000     340747932
610000     352312370
620000     364828415
630000     376025134
640000     388158581
650000     399777074
660000     413414704
670000     425755508
680000     438577234
690000     451412901
700000     463118055
710000     477026420
720000     491713556
730000     504321273
740000     518349712
750000     533607370
760000     546504100
770000     561781165
780000     576761231
790000     591120250
800000     605970156
810000     621316262
820000     637029486
830000     653820817
840000     668152955
850000     684701638
860000     701212744
870000     717156815
880000     734631248
890000     750137287
900000     767884529
910000     785517005
920000     801585400
930000     819398131
940000     838905601
950000     855578868
960000     873480147
970000     892347095
980000     910460516
990000     928176339
1000000     947155150
