# execution time of sorting in respect to N
# N     time
1     2.2065e-05
2     2.4903e-05
3     2.778e-05
4     3.5633e-05
5     3.85e-05
6     4.598e-05
7     5.2093e-05
8     0.000116935
9     6.8453e-05
10     7.2612e-05
20     0.000142572
30     0.000209013
40     0.000284114
50     0.000403879
60     0.000428782
70     0.0007888
80     0.000716007
90     0.000663555
100     0.000734062
200     0.0016139
300     0.00275803
400     0.00331346
500     0.0042289
600     0.00540959
700     0.00611987
800     0.0067867
900     0.00787033
1000     0.00870578
2000     0.0173226
3000     0.0262376
4000     0.0349166
5000     0.0433858
6000     0.0533184
7000     0.0608092
8000     0.0690526
9000     0.078371
10000     0.0880854
20000     0.180886
30000     0.26624
40000     0.35545
50000     0.447688
60000     0.535032
70000     0.633743
80000     0.727731
90000     0.810226
100000     0.902777
110000     1.00203
120000     1.08696
130000     1.18873
140000     1.25083
150000     1.35097
160000     1.45104
170000     1.52656
180000     1.66728
190000     1.72492
200000     1.85097
210000     1.94045
220000     2.03108
230000     2.09862
240000     2.18009
250000     2.28393
260000     2.37465
270000     2.49098
280000     2.57921
290000     2.68918
300000     2.75332
310000     2.86012
320000     2.94401
330000     3.0283
340000     3.10841
350000     3.31284
360000     3.31928
370000     3.38272
380000     3.46899
390000     3.60628
400000     3.68616
410000     3.77877
420000     3.87388
430000     3.95269
440000     4.04385
450000     4.18413
460000     4.21625
470000     4.30312
480000     4.42218
490000     4.50984
500000     4.59826
510000     4.68907
520000     4.84381
530000     4.98029
540000     5.09507
550000     5.16564
560000     5.30488
570000     5.41162
580000     5.43823
590000     5.58969
600000     5.69476
610000     5.77513
620000     5.86882
630000     5.97014
640000     6.03985
650000     6.15653
660000     6.21568
670000     6.70664
680000     6.87769
690000     6.69616
700000     6.74614
710000     7.00449
720000     7.57672
730000     7.29453
740000     7.22652
750000     7.42594
760000     7.37324
770000     7.46448
780000     7.6646
790000     7.79014
800000     7.79404
810000     7.68981
820000     7.73039
830000     7.7174
840000     7.70265
850000     8.04872
860000     8.09009
870000     8.04377
880000     8.08309
890000     8.17032
900000     8.30914
910000     8.38746
920000     8.48446
930000     8.5976
940000     8.69433
950000     8.83228
960000     8.80391
970000     8.96645
980000     9.04239
990000     9.11081
1000000     9.22121
