# number of inversions in respect to N
# N     inversions
1     0
2     0
3     0
4     0
5     0
6     0
7     0
8     0
9     0
10     0
20     0
30     0
40     0
50     0
60     0
70     0
80     0
90     0
100     0
200     0
300     0
400     0
500     0
600     0
700     0
800     0
900     0
1000     0
2000     483
3000     1694
4000     3754
5000     8535
6000     12371
7000     16770
8000     21913
9000     31586
10000     39500
20000     176481
30000     401530
40000     723656
50000     1146510
60000     1652493
70000     2275380
80000     2979395
90000     3803403
100000     4683536
110000     5668820
120000     6733057
130000     7890173
140000     9270226
150000     10606365
160000     12056726
170000     13610502
180000     15180718
190000     16954551
200000     18937439
210000     20800977
220000     22881056
230000     25025998
240000     27229018
250000     29490005
260000     31873034
270000     34690194
280000     37153557
290000     39887799
300000     42585775
310000     45493975
320000     48544457
330000     51795542
340000     54848028
350000     58056793
360000     61493058
370000     64824010
380000     68645477
390000     72082734
400000     75964224
410000     79764587
420000     83591207
430000     87506804
440000     91749259
450000     96052214
460000     100379083
470000     104613622
480000     109458939
490000     113978626
500000     118619037
510000     123149726
520000     128484340
530000     133168535
540000     138680334
550000     143664224
560000     148984022
570000     154312479
580000     159442123
590000     165067438
600000     170701762
610000     176419050
620000     182534288
630000     188269190
640000     194338668
650000     200344388
660000     206444177
670000     212944510
680000     219339628
690000     225577621
700000     232625764
710000     238972070
720000     246006005
730000     252542830
740000     259796143
750000     266488092
760000     273829970
770000     281231830
780000     288886291
790000     296330054
800000     303340702
810000     311626262
820000     319320168
830000     327246680
840000     335215477
850000     341923492
860000     351206023
870000     358781068
880000     367600526
890000     375680469
900000     384367656
910000     393323460
920000     402011564
930000     410399544
940000     418834810
950000     428242514
960000     436594349
970000     446502456
980000     455287581
990000     465204916
1000000     473522931
