# execution time of sorting in respect to N
# N     time
1     4.1647e-05
2     5.9064e-05
3     9.3843e-05
4     3.6327e-05
5     3.9614e-05
6     4.6423e-05
7     5.0224e-05
8     6.0408e-05
9     8.1718e-05
10     8.7772e-05
20     0.000142393
30     0.00020826
40     0.00028776
50     0.000425096
60     0.000434473
70     0.000525421
80     0.00057433
90     0.000681055
100     0.000740021
200     0.0015714
300     0.00236759
400     0.0031913
500     0.00404238
600     0.00497697
700     0.00586807
800     0.00711227
900     0.00749024
1000     0.00836883
2000     0.0167309
3000     0.0255544
4000     0.0340292
5000     0.0428724
6000     0.0513738
7000     0.05922
8000     0.0745409
9000     0.0760699
10000     0.0846323
20000     0.171433
30000     0.256297
40000     0.343169
50000     0.429858
60000     0.523533
70000     0.616676
80000     0.697065
90000     0.793391
100000     0.923067
110000     0.954644
120000     1.04517
130000     1.13757
140000     1.22221
150000     1.31371
160000     1.39455
170000     1.48394
180000     1.65804
190000     1.68751
200000     1.75967
210000     1.85762
220000     1.94422
230000     2.02425
240000     2.12346
250000     2.20666
260000     2.35223
270000     2.38297
280000     2.53437
290000     2.55311
300000     2.67618
310000     2.78296
320000     2.84948
330000     2.93548
340000     2.99709
350000     3.09728
360000     3.18979
370000     3.2797
380000     3.37272
390000     3.4824
400000     3.51822
410000     3.60879
420000     3.72294
430000     3.83056
440000     3.91432
450000     3.97799
460000     4.24057
470000     4.19479
480000     4.26098
490000     4.35545
500000     4.468
510000     4.65343
520000     4.78713
530000     4.81754
540000     4.91796
550000     5.00967
560000     5.07952
570000     5.21905
580000     5.30085
590000     5.4182
600000     5.51685
610000     5.57998
620000     5.70192
630000     5.80342
640000     5.89056
650000     5.92864
660000     6.05646
670000     6.16527
680000     6.32686
690000     6.30526
700000     6.46661
710000     6.52309
720000     6.62931
730000     6.7328
740000     6.81354
750000     6.93467
760000     7.00317
770000     7.05259
780000     7.13056
790000     7.27763
800000     7.34796
810000     7.52503
820000     7.50249
830000     7.62385
840000     7.79917
850000     7.92826
860000     7.91411
870000     7.9676
880000     8.07093
890000     8.1401
900000     8.28407
910000     8.34162
920000     8.43656
930000     8.56153
940000     8.68017
950000     8.73264
960000     8.80611
970000     8.86965
980000     8.96882
990000     9.11653
1000000     9.23489
