# number of inversions in respect to N
# N     inversions
1     0
2     0
3     0
4     0
5     0
6     0
7     0
8     0
9     0
10     0
20     0
30     0
40     0
50     0
60     0
70     0
80     0
90     0
100     0
200     35
300     135
400     313
500     405
600     1028
700     1401
800     1902
900     2380
1000     2704
2000     13183
3000     31295
4000     55946
5000     90291
6000     128313
7000     175658
8000     230928
9000     296122
10000     368408
20000     1477925
30000     3347114
40000     5952970
50000     9312748
60000     13460328
70000     18309890
80000     23957574
90000     30255352
100000     37295021
110000     44942815
120000     53796589
130000     62846635
140000     73515461
150000     83796473
160000     95554093
170000     107935006
180000     121192998
190000     134395968
200000     149364537
210000     164789332
220000     180435507
230000     196875505
240000     215319371
250000     233824389
260000     252805869
270000     272647504
280000     293477540
290000     314603044
300000     335564560
310000     358768886
320000     381111429
330000     407472306
340000     432206010
350000     458735857
360000     483779900
370000     511011105
380000     538659516
390000     567968174
400000     598490761
410000     629376247
420000     657537161
430000     690354702
440000     722410573
450000     755327713
460000     789640040
470000     826144217
480000     860433541
490000     897890979
500000     932469568
510000     970969761
520000     1011145589
530000     1047902822
540000     1089832790
550000     1131297569
560000     1172037703
570000     1214257301
580000     1256381192
590000     1301193624
600000     1346791170
610000     1388834463
620000     1436485919
630000     1485350463
640000     1528659144
650000     1578192728
660000     1626492734
670000     1675205481
680000     1724128405
690000     1778840852
700000     1829144868
710000     1883688705
720000     1934857994
730000     1989686511
740000     2044334667
750000     2100500858
760000     2153324758
770000     2216901663
780000     2274941801
790000     2331153741
800000     2393403571
810000     2452078605
820000     2512320499
830000     2574534660
840000     2635253748
850000     2699067704
860000     2766126033
870000     2828307798
880000     2892664617
890000     2955936839
900000     3024431590
910000     3096055817
920000     3160315355
930000     3231259744
940000     3298841952
950000     3366614160
960000     3445693392
970000     3519904213
980000     3589352091
990000     3660205925
1000000     3733123995
