# execution time of sorting in respect to N
# N     time
1     2.1682e-05
2     2.4342e-05
3     3.3501e-05
4     3.5891e-05
5     3.9478e-05
6     4.6446e-05
7     5.1876e-05
8     7.6688e-05
9     6.7541e-05
10     7.1459e-05
20     0.000140138
30     0.000210786
40     0.000284309
50     0.000360986
60     0.000430181
70     0.000578127
80     0.00064426
90     0.000666372
100     0.000744818
200     0.0015835
300     0.00245658
400     0.00322523
500     0.00419696
600     0.00496417
700     0.00614466
800     0.00666656
900     0.00744978
1000     0.00858027
2000     0.01732
3000     0.027237
4000     0.0355836
5000     0.0441932
6000     0.0549781
7000     0.0643881
8000     0.071735
9000     0.0812336
10000     0.0886572
20000     0.179011
30000     0.272445
40000     0.363288
50000     0.457254
60000     0.547412
70000     0.637874
80000     0.741895
90000     0.826086
100000     0.953995
110000     1.01179
120000     1.10783
130000     1.20209
140000     1.28838
150000     1.384
160000     1.47513
170000     1.83643
180000     1.78336
190000     1.89158
200000     1.97519
210000     2.05235
220000     2.16611
230000     2.29114
240000     2.44984
250000     2.46442
260000     2.55602
270000     2.65491
280000     2.77721
290000     2.86007
300000     2.95873
310000     3.06175
320000     3.19668
330000     3.29355
340000     3.35991
350000     3.51249
360000     3.57256
370000     3.675
380000     3.85287
390000     3.95865
400000     4.09636
410000     4.19799
420000     4.27011
430000     4.40568
440000     4.47443
450000     4.5901
460000     4.56728
470000     4.69153
480000     4.72887
490000     4.90503
500000     5.0496
510000     5.14752
520000     5.22768
530000     5.31458
540000     5.4056
550000     5.56581
560000     5.61022
570000     5.66787
580000     5.86955
590000     5.96499
600000     6.00459
610000     6.11655
620000     6.31647
630000     6.27453
640000     6.37542
650000     6.4916
660000     6.55802
670000     6.75725
680000     6.89716
690000     7.27071
700000     7.26747
710000     7.34035
720000     7.29316
730000     7.63246
740000     7.67072
750000     7.84611
760000     7.905
770000     8.00361
780000     7.88512
790000     7.77336
800000     7.79157
810000     7.88814
820000     7.99871
830000     8.13993
840000     8.22958
850000     8.2743
860000     8.57089
870000     8.80062
880000     8.48645
890000     8.47694
900000     8.58628
910000     8.70134
920000     8.79354
930000     8.85155
940000     8.97053
950000     9.07482
960000     9.1202
970000     9.25747
980000     9.3529
990000     9.45476
1000000     9.5387
