# execution time of sorting in respect to N
# N     time
1     2.0369e-05
2     7.1417e-05
3     3.0416e-05
4     3.7203e-05
5     4.126e-05
6     4.9813e-05
7     5.4161e-05
8     6.3367e-05
9     6.7909e-05
10     7.5734e-05
20     0.000143408
30     0.000214981
40     0.000296621
50     0.000376333
60     0.00045549
70     0.000521303
80     0.000580275
90     0.000664539
100     0.000732689
200     0.00151162
300     0.0024486
400     0.00306374
500     0.00395364
600     0.00480405
700     0.00594367
800     0.00620992
900     0.00916111
1000     0.0082668
2000     0.0166284
3000     0.025122
4000     0.0331984
5000     0.0402543
6000     0.0491586
7000     0.0573953
8000     0.0655894
9000     0.0710491
10000     0.0793262
20000     0.161311
30000     0.243425
40000     0.321324
50000     0.410891
60000     0.493667
70000     0.572578
80000     0.674906
90000     0.767439
100000     0.83538
110000     0.942656
120000     1.00785
130000     1.11235
140000     1.18936
150000     1.30098
160000     1.36895
170000     1.46288
180000     1.55446
190000     1.6414
200000     1.72118
210000     1.82457
220000     1.93939
230000     2.00506
240000     2.11623
250000     2.20147
260000     2.29575
270000     2.35409
280000     2.48435
290000     2.51833
300000     2.60941
310000     2.71861
320000     2.7871
330000     2.88635
340000     2.97227
350000     3.05659
360000     3.1777
370000     3.24935
380000     3.34598
390000     3.42696
400000     3.51319
410000     3.7765
420000     3.7708
430000     3.87585
440000     3.90226
450000     3.97757
460000     4.05628
470000     4.15968
480000     4.55519
490000     4.4675
500000     4.45661
510000     4.52718
520000     4.69489
530000     4.76982
540000     4.81522
550000     4.90444
560000     5.16113
570000     5.13103
580000     5.19038
590000     5.25135
600000     5.36947
610000     5.45931
620000     5.57508
630000     5.68858
640000     5.7697
650000     5.81949
660000     5.93141
670000     6.02133
680000     6.09937
690000     6.21565
700000     6.28803
710000     6.69735
720000     6.72106
730000     6.89737
740000     6.79097
750000     6.79754
760000     6.8646
770000     6.96919
780000     7.04303
790000     7.16946
800000     7.22954
810000     7.34131
820000     7.40668
830000     7.50649
840000     7.65725
850000     7.71971
860000     7.77632
870000     7.86077
880000     7.95851
890000     8.07429
900000     8.2389
910000     8.27822
920000     8.37216
930000     8.72176
940000     8.64002
950000     8.68846
960000     8.73208
970000     8.8994
980000     9.12939
990000     9.06264
1000000     9.12655
