# execution time of selecting kth element in respect to N
# N     time for soft heap     time for median of medians
1     2.39e-07     1.65e-07
2     2.67e-07     2.15e-07
3     2.59e-07     1.67e-07
4     2.59e-07     2.07e-07
5     3.18e-07     2.91e-07
6     3.94e-07     3.58e-07
7     3.89e-07     3.56e-07
8     6.68e-07     5.05e-07
9     6.1e-07     5.47e-07
10     6.8891e-05     1.893e-06
20     0.000203047     4.776e-06
30     0.000328109     8.849e-06
40     0.000528981     1.1725e-05
50     0.000538818     1.3088e-05
60     0.00079595     1.748e-05
70     0.000730821     1.6421e-05
80     0.00102238     2.4833e-05
90     0.00143942     3.4592e-05
100     0.00111918     2.2455e-05
200     0.00250842     5.1248e-05
300     0.00443892     9.9954e-05
400     0.00621336     0.000158384
500     0.0085669     0.000294884
600     0.00840406     0.000175283
700     0.00967773     0.000200397
800     0.0143835     0.000381614
900     0.0156574     0.000585317
1000     0.0136765     0.000301262
2000     0.0366366     0.00124065
3000     0.0397353     0.00106526
4000     0.0641744     0.0016117
5000     0.0719496     0.00270327
6000     0.0825494     0.00227708
7000     0.129973     0.00449542
8000     0.146181     0.00523473
9000     0.132807     0.00417763
10000     0.17152     0.00578416
20000     0.384966     0.0149192
30000     0.539083     0.0183433
40000     0.719752     0.0316771
50000     0.809819     0.0363175
60000     0.829937     0.0311866
70000     1.00766     0.0530324
80000     1.35294     0.0615779
90000     1.46382     0.0647555
100000     1.6557     0.0782024
110000     2.13286     0.107229
120000     1.75365     0.0763213
130000     1.8144     0.0754549
140000     2.20818     0.104014
150000     2.3544     0.111481
160000     2.41021     0.118646
170000     3.29089     0.171849
180000     3.28008     0.177391
190000     2.86285     0.134644
200000     3.08594     0.147441
210000     3.07042     0.142381
220000     4.34464     0.266209
230000     4.21085     0.227543
240000     3.62282     0.168914
250000     4.19406     0.229778
260000     3.82824     0.192992
270000     4.86751     0.258012
280000     5.03867     0.27687
290000     5.53817     0.310761
300000     4.87671     0.254142
310000     6.14088     0.335658
320000     5.89821     0.346176
330000     6.06881     0.33231
340000     6.27841     0.348303
350000     4.95077     0.225712
360000     5.50246     0.282663
370000     6.18006     0.321801
380000     5.42859     0.268917
390000     6.61844     0.347136
400000     7.18306     0.40694
410000     5.73131     0.293212
420000     7.34085     0.390591
430000     8.66213     0.49239
440000     7.41303     0.391171
450000     9.00796     0.50789
460000     7.56086     0.381985
470000     8.92516     0.49866
480000     7.51008     0.381102
490000     7.28174     0.368293
500000     8.69955     0.472951
510000     8.15478     0.421399
520000     10.1856     0.58321
530000     9.56424     0.52274
540000     10.0495     0.577359
550000     8.87242     0.467217
560000     9.13749     0.490565
570000     8.87608     0.456722
580000     11.486     0.637766
590000     8.55179     0.415954
600000     11.6775     0.669057
610000     8.65971     0.452362
620000     8.93915     0.435673
630000     9.04206     0.448906
640000     12.5652     0.6963
650000     11.547     0.622777
660000     10.3246     0.553182
670000     12.3338     0.68056
680000     12.2165     0.67432
690000     10.6891     0.554233
700000     12.2252     0.696563
710000     12.5712     0.695881
720000     12.2938     0.684681
730000     13.485     0.759669
740000     13.6202     0.77107
750000     12.3114     0.690001
760000     12.4814     0.677896
770000     13.2604     0.758508
780000     11.374     0.576796
790000     15.5756     0.907551
800000     14.1681     0.792442
810000     12.7392     0.68774
820000     14.8611     0.77938
830000     17.1856     0.963472
840000     13.5115     0.687515
850000     12.3956     0.606352
860000     17.0222     0.988051
870000     15.6863     0.894294
880000     14.6216     0.794366
890000     12.4768     0.644875
900000     17.8646     1.03187
910000     14.6635     0.775331
920000     15.8874     0.84885
930000     15.6403     0.873606
940000     14.331     0.758744
950000     18.4793     1.02256
960000     17.3971     0.969105
970000     13.3667     0.656433
980000     16.0802     0.870875
990000     15.9626     0.83171
1000000     17.1787     0.974817
