# execution time of sorting in respect to N
# N     time
1     2.1925e-05
2     2.5022e-05
3     2.889e-05
4     3.6507e-05
5     9.2691e-05
6     4.8387e-05
7     5.5528e-05
8     6.3351e-05
9     6.7977e-05
10     7.5145e-05
20     0.000147982
30     0.000213819
40     0.00029392
50     0.000359317
60     0.000438057
70     0.000523253
80     0.000666669
90     0.000663443
100     0.000731535
200     0.00148048
300     0.00230546
400     0.00308068
500     0.00407393
600     0.00472353
700     0.00563796
800     0.00625488
900     0.00704657
1000     0.00797447
2000     0.0157098
3000     0.0232758
4000     0.0312134
5000     0.0393862
6000     0.0464896
7000     0.054207
8000     0.0615369
9000     0.0685378
10000     0.0760659
20000     0.152944
30000     0.231571
40000     0.312045
50000     0.390813
60000     0.480468
70000     0.550434
80000     0.638753
90000     0.723867
100000     0.806009
110000     0.888231
120000     0.988927
130000     1.06074
140000     1.14755
150000     1.23044
160000     1.31188
170000     1.40814
180000     1.4914
190000     1.57018
200000     1.6461
210000     1.74962
220000     1.87564
230000     1.92195
240000     1.99948
250000     2.08406
260000     2.17602
270000     2.24871
280000     2.33322
290000     2.43264
300000     2.5191
310000     2.61313
320000     2.70108
330000     2.76475
340000     2.88363
350000     2.94327
360000     3.0339
370000     3.12295
380000     3.2123
390000     3.316
400000     3.48775
410000     3.63724
420000     3.71737
430000     3.83406
440000     3.89903
450000     4.03587
460000     4.13742
470000     4.23848
480000     4.35081
490000     4.42474
500000     4.51517
510000     4.62384
520000     4.71127
530000     4.76793
540000     4.89029
550000     4.96088
560000     5.2649
570000     5.196
580000     5.2321
590000     5.39632
600000     5.42802
610000     5.51039
620000     5.64176
630000     5.71749
640000     5.81995
650000     5.88347
660000     5.95276
670000     6.05534
680000     6.15967
690000     6.29865
700000     6.37808
710000     6.41549
720000     6.53502
730000     6.59298
740000     6.70809
750000     6.78705
760000     6.88602
770000     7.03898
780000     7.0397
790000     7.20527
800000     7.31627
810000     7.38759
820000     7.43626
830000     7.50076
840000     7.5809
850000     7.69689
860000     7.8095
870000     7.88732
880000     7.94319
890000     8.06464
900000     8.05914
910000     8.26173
920000     8.37748
930000     8.42068
940000     8.44201
950000     8.61257
960000     8.6873
970000     9.04366
980000     8.70617
990000     8.58934
1000000     8.74804
