# number of inversions in respect to N
# N     inversions
1     0
2     0
3     0
4     0
5     0
6     0
7     0
8     0
9     0
10     0
20     0
30     0
40     0
50     0
60     0
70     0
80     0
90     0
100     0
200     0
300     44
400     142
500     243
600     332
700     561
800     742
900     1038
1000     1363
2000     7589
3000     21566
4000     39312
5000     62674
6000     89934
7000     127744
8000     165569
9000     224344
10000     270338
20000     1144770
30000     2569688
40000     4674974
50000     7350468
60000     10562595
70000     14725860
80000     19079065
90000     24220883
100000     30016934
110000     35995508
120000     43234663
130000     50458298
140000     59357273
150000     68100517
160000     77312988
170000     87104230
180000     97354771
190000     108845165
200000     121148430
210000     132889635
220000     146529440
230000     159982778
240000     174292042
250000     189066318
260000     203378277
270000     222173533
280000     238550154
290000     255031967
300000     272962450
310000     290490716
320000     311011181
330000     331785224
340000     351726835
350000     372228203
360000     392540898
370000     415325153
380000     438358589
390000     462215388
400000     487736078
410000     511345483
420000     536297650
430000     561288197
440000     588213016
450000     613418115
460000     645744034
470000     671132577
480000     700797509
490000     728008278
500000     761113179
510000     787041872
520000     822367938
530000     858084662
540000     892238964
550000     925982002
560000     955694694
570000     991504093
580000     1026008656
590000     1067315507
600000     1100767501
610000     1135146356
620000     1173807050
630000     1212617818
640000     1245474158
650000     1285811633
660000     1331268024
670000     1371179716
680000     1411915977
690000     1453752741
700000     1495395972
710000     1535245605
720000     1580110953
730000     1627274881
740000     1672264273
750000     1715583721
760000     1766407900
770000     1808632200
780000     1851230178
790000     1907101776
800000     1955189532
810000     2001524849
820000     2058464445
830000     2100933560
840000     2154796361
850000     2203065792
860000     2262986388
870000     2311890569
880000     2366193894
890000     2418521781
900000     2470177163
910000     2527680773
920000     2582487882
930000     2642493375
940000     2696592513
950000     2753768072
960000     2809583647
970000     2871249863
980000     2926246822
990000     2993987849
1000000     3054335347
