# number of inversions in respect to N
# N     inversions
1     0
2     0
3     0
4     0
5     0
6     0
7     0
8     0
9     0
10     0
20     0
30     0
40     0
50     0
60     0
70     0
80     0
90     0
100     0
200     0
300     0
400     0
500     0
600     88
700     188
800     286
900     388
1000     487
2000     2735
3000     8923
4000     15782
5000     30801
6000     44268
7000     60467
8000     78683
9000     102731
10000     128281
20000     541763
30000     1248441
40000     2290272
50000     3629645
60000     5132801
70000     7218611
80000     9393724
90000     11870343
100000     14815769
110000     17833347
120000     21054979
130000     24930947
140000     29496458
150000     33856283
160000     38257914
170000     43189903
180000     48536845
190000     53764385
200000     60503157
210000     66084126
220000     72884884
230000     79474707
240000     86291978
250000     93505679
260000     101077189
270000     110789851
280000     118963175
290000     127320156
300000     135908748
310000     145195708
320000     154710165
330000     164744433
340000     174895316
350000     185480950
360000     195643352
370000     206751875
380000     217700812
390000     228390892
400000     243316901
410000     255107414
420000     267089225
430000     280921171
440000     293101703
450000     307235894
460000     321008597
470000     336192281
480000     348735526
490000     363192946
500000     378707978
510000     393779729
520000     408300086
530000     428844101
540000     444890348
550000     460850780
560000     478416362
570000     495382687
580000     512602428
590000     531798155
600000     549498349
610000     569575306
620000     585722923
630000     604013291
640000     622385035
650000     641931552
660000     666173034
670000     685009687
680000     705810502
690000     726490527
700000     746975356
710000     768646360
720000     788760120
730000     813533406
740000     834164375
750000     856537964
760000     880323805
770000     902974308
780000     926645049
790000     954942292
800000     977983388
810000     1000690782
820000     1024010955
830000     1050202033
840000     1073358720
850000     1098185732
860000     1127367065
870000     1154487146
880000     1179888564
890000     1206413988
900000     1233645654
910000     1259601472
920000     1294779127
930000     1318585724
940000     1350512512
950000     1375597277
960000     1405971831
970000     1431613624
980000     1462604709
990000     1495583501
1000000     1524572844
