# execution time of selecting kth element in respect to N
# N     time for soft heap     time for median of medians
1     3.32e-07     6.94e-07
2     3.34e-07     2.36e-07
3     3.28e-07     2.58e-07
4     3.02e-07     2.19e-07
5     3.49e-07     2.75e-07
6     3.8e-07     3.11e-07
7     5.2e-07     4.02e-07
8     8.55e-07     5.59e-07
9     8.28e-07     5.88e-07
10     6.7027e-05     2.024e-06
20     0.000132592     3.08e-06
30     0.000308944     6.162e-06
40     0.000456368     1.0065e-05
50     0.000564503     1.1997e-05
60     0.000687475     1.6063e-05
70     0.000905693     2.2612e-05
80     0.00116191     2.6665e-05
90     0.0011437     2.6648e-05
100     0.00137641     3.9579e-05
200     0.00288702     7.595e-05
300     0.0045716     7.3041e-05
400     0.00581235     0.000137301
500     0.00684197     0.000160061
600     0.0102341     0.000246517
700     0.0105501     0.000242362
800     0.0131073     0.000380497
900     0.0131383     0.000227348
1000     0.0140705     0.000262274
2000     0.0291595     0.000630545
3000     0.0495546     0.00136714
4000     0.0726885     0.00184648
5000     0.0884002     0.00311873
6000     0.0985096     0.00256463
7000     0.129313     0.00366906
8000     0.128257     0.00412551
9000     0.163171     0.00653812
10000     0.151716     0.00399748
20000     0.328292     0.0122027
30000     0.44988     0.0118229
40000     0.643573     0.0270678
50000     0.864657     0.0312414
60000     0.916572     0.0330054
70000     1.05187     0.0449615
80000     1.42811     0.0811792
90000     1.48259     0.0496494
100000     1.77145     0.0845485
110000     1.91598     0.0954975
120000     2.07895     0.0959423
130000     2.16786     0.107646
140000     2.88842     0.169908
150000     2.60563     0.1206
160000     2.46291     0.0956816
170000     2.56433     0.101515
180000     2.99141     0.156982
190000     3.48122     0.199354
200000     3.15657     0.150381
210000     3.32398     0.156762
220000     3.63301     0.193707
230000     3.87337     0.192062
240000     3.95605     0.217758
250000     4.29325     0.236893
260000     3.83758     0.160547
270000     4.70048     0.258747
280000     4.23392     0.208048
290000     4.86744     0.25739
300000     5.23664     0.291083
310000     4.78097     0.225648
320000     5.77946     0.326647
330000     5.3485     0.242321
340000     5.42713     0.282167
350000     6.27628     0.353705
360000     5.67843     0.271925
370000     5.50459     0.254462
380000     5.87623     0.258586
390000     6.26667     0.306665
400000     6.63281     0.357914
410000     6.08768     0.284293
420000     6.38092     0.30923
430000     6.5376     0.303351
440000     7.87527     0.471084
450000     7.70363     0.412781
460000     8.06711     0.486154
470000     8.64927     0.510772
480000     7.95267     0.415592
490000     7.5423     0.362087
500000     8.76721     0.520172
510000     7.95132     0.367594
520000     8.58977     0.449423
530000     9.01938     0.508997
540000     9.44712     0.534394
550000     9.20107     0.51128
560000     9.035     0.448347
570000     9.57169     0.492716
580000     9.26596     0.468646
590000     10.4195     0.645758
600000     8.98962     0.40412
610000     10.6558     0.615667
620000     9.64795     0.437967
630000     10.0289     0.517329
640000     11.043     0.639372
650000     9.85233     0.457941
660000     10.4036     0.513215
670000     11.6256     0.656769
680000     11.9678     0.704089
690000     11.9341     0.656832
700000     13.0709     0.765005
710000     11.0363     0.514786
720000     11.9284     0.613706
730000     12.8632     0.730692
740000     12.9414     0.725241
750000     13.0284     0.715081
760000     13.619     0.782688
770000     13.7824     0.792765
780000     13.3137     0.713304
790000     14.1794     0.823583
800000     13.5582     0.749146
810000     13.2765     0.693703
820000     14.7585     0.844255
830000     15.0968     0.87291
840000     13.7139     0.70442
850000     15.0219     0.84831
860000     15.5645     0.911927
870000     16.1165     0.965796
880000     15.8511     0.929454
890000     14.1127     0.68955
900000     13.8557     0.653784
910000     14.5844     0.719081
920000     15.5471     0.832979
930000     15.3697     0.767772
940000     15.2909     0.772324
950000     17.7415     1.06674
960000     16.5341     0.897525
970000     18.0577     1.10048
980000     17.0182     0.972241
990000     16.9719     0.922585
1000000     16.4451     0.892157
