# execution time of selecting kth element in respect to N
# N     time for soft heap     time for median of medians
1     2.57e-07     1.81e-07
2     3.67e-07     2.05e-07
3     3.49e-07     2.21e-07
4     3.92e-07     3.26e-07
5     5.09e-07     3.67e-07
6     3.94e-07     3.51e-07
7     5.07e-07     4.63e-07
8     6.01e-07     5.45e-07
9     7.31e-07     6.46e-07
10     6.8848e-05     2.145e-06
20     0.000272317     4.777e-06
30     0.000627315     7.517e-06
40     0.000769338     9.817e-06
50     0.0004911     1.1879e-05
60     0.000892639     1.4285e-05
70     0.00144439     2.5557e-05
80     0.000873186     2.0813e-05
90     0.00183105     3.3952e-05
100     0.0016251     4.4238e-05
200     0.00419005     8.6865e-05
300     0.00329573     0.000186719
400     0.00521012     0.000111065
500     0.00762559     0.000171986
600     0.0104038     0.000211204
700     0.0122379     0.000252722
800     0.0146246     0.000317043
900     0.0229075     0.000453124
1000     0.0146398     0.000353114
2000     0.0216716     0.000616174
3000     0.0737073     0.00189503
4000     0.0868883     0.00247498
5000     0.0701185     0.00202532
6000     0.118123     0.0034461
7000     0.114617     0.00335089
8000     0.158138     0.00464814
9000     0.184989     0.0057266
10000     0.233043     0.00710222
20000     0.456136     0.0166928
30000     0.410547     0.0147995
40000     0.563862     0.0208556
50000     0.578388     0.0230837
60000     0.814896     0.033331
70000     0.772076     0.0322523
80000     1.73166     0.0753185
90000     1.03385     0.0443836
100000     1.4388     0.0736809
110000     1.5677     0.0686741
120000     1.70062     0.0768231
130000     1.83266     0.0821015
140000     2.37179     0.12941
150000     2.31833     0.110341
160000     2.17172     0.10029
170000     3.07053     0.14463
180000     3.69039     0.179803
190000     3.29767     0.154458
200000     2.85454     0.138044
210000     3.91541     0.178853
220000     3.88579     0.180447
230000     3.80205     0.176609
240000     4.00458     0.192138
250000     3.72358     0.18577
260000     4.1636     0.20228
270000     5.25839     0.252266
280000     3.42525     0.166705
290000     3.32027     0.158241
300000     3.66266     0.177773
310000     7.49683     0.358413
320000     5.66468     0.276796
330000     4.23592     0.206879
340000     4.70885     0.228856
350000     7.35641     0.356566
360000     7.64658     0.37432
370000     5.69715     0.281325
380000     4.62316     0.225077
390000     8.22017     0.407961
400000     6.20595     0.30735
410000     5.78676     0.280963
420000     5.21347     0.267944
430000     7.21651     0.358999
440000     8.68371     0.452229
450000     9.08383     0.443358
460000     7.02655     0.355131
470000     5.86603     0.297721
480000     9.45246     0.488331
490000     5.48635     0.276411
500000     6.98123     0.35544
510000     12.3804     0.604818
520000     8.1624     0.411624
530000     6.86924     0.352765
540000     12.5703     0.632562
550000     9.88025     0.496666
560000     9.22038     0.460451
570000     10.4213     0.531508
580000     7.30348     0.389999
590000     12.9996     0.68656
600000     14.0154     0.645246
610000     7.64902     0.424934
620000     11.2413     0.550868
630000     10.7278     0.537918
640000     11.6291     0.601954
650000     8.19377     0.423511
660000     11.9388     0.605341
670000     11.8989     0.607618
680000     12.0177     0.610053
690000     7.33816     0.372169
700000     14.4861     0.73161
710000     15.8844     0.820833
720000     11.9725     0.623774
730000     13.4153     0.698341
740000     10.6507     0.53582
750000     13.342     0.666665
760000     10.8517     0.558245
770000     9.69848     0.533537
780000     16.4712     0.88627
790000     18.1443     0.934037
800000     10.2792     0.5058
810000     19.793     1.00752
820000     17.7832     0.955947
830000     17.7985     0.898621
840000     19.8491     1.03956
850000     10.8793     0.562928
860000     19.5265     1.00886
870000     11.1858     0.579273
880000     13.9586     0.715271
890000     14.8294     0.752119
900000     12.4985     0.627249
910000     12.5046     0.643006
920000     10.4744     0.543282
930000     10.6671     0.55505
940000     11.0076     0.579657
950000     10.5123     0.556962
960000     15.2599     0.808208
970000     15.4269     0.79102
980000     11.6394     0.596096
990000     11.4519     0.583166
1000000     18.0495     0.941171
