# number of inversions in respect to N
# N     inversions
1     0
2     0
3     0
4     0
5     0
6     0
7     0
8     0
9     0
10     0
20     0
30     0
40     0
50     0
60     0
70     0
80     0
90     0
100     0
200     70
300     179
400     405
500     693
600     1308
700     1748
800     2343
900     3041
1000     3588
2000     19414
3000     45858
4000     82441
5000     133643
6000     198995
7000     260537
8000     345661
9000     471479
10000     567226
20000     2308545
30000     5272490
40000     9556300
50000     15027995
60000     21316203
70000     29502200
80000     38139263
90000     48462760
100000     60203758
110000     72667268
120000     86409258
130000     101487176
140000     118163863
150000     136161546
160000     154277344
170000     174105513
180000     196045606
190000     218721035
200000     243098465
210000     266658155
220000     293092533
230000     319886925
240000     348868813
250000     378153964
260000     408223863
270000     443590968
280000     476457649
290000     512382373
300000     548194864
310000     582978145
320000     621943942
330000     662692627
340000     703035795
350000     742720418
360000     784342383
370000     833267969
380000     877602209
390000     923796229
400000     973055372
410000     1022515419
420000     1073110581
430000     1124770933
440000     1175001184
450000     1229687831
460000     1284864303
470000     1341481478
480000     1398583915
490000     1454795478
500000     1515711255
510000     1580170535
520000     1638564473
530000     1708159107
540000     1777603405
550000     1841930029
560000     1908882803
570000     1976769356
580000     2045837760
590000     2115351189
600000     2189831401
610000     2263682356
620000     2342815819
630000     2415519569
640000     2493985477
650000     2569049082
660000     2652297125
670000     2727850743
680000     2815966592
690000     2900847405
700000     2986361742
710000     3060903239
720000     3150239526
730000     3238642646
740000     3331871446
750000     3417225516
760000     3515430010
770000     3604406180
780000     3699651872
790000     3798905697
800000     3895604474
810000     3989424601
820000     4099724804
830000     4198250243
840000     4293112615
850000     4399168954
860000     4503761385
870000     4611724020
880000     4712496399
890000     4824764233
900000     4936140818
910000     5032656888
920000     5159777171
930000     5258670581
940000     5380110995
950000     5497189808
960000     5609502046
970000     5728394908
980000     5837265057
990000     5954738132
1000000     6075726774
