# number of inversions in respect to N
# N     inversions
1     0
2     0
3     0
4     0
5     0
6     0
7     0
8     0
9     0
10     0
20     0
30     0
40     0
50     0
60     0
70     0
80     0
90     0
100     0
200     0
300     0
400     0
500     0
600     0
700     0
800     0
900     0
1000     0
2000     976
3000     2749
4000     5517
5000     11772
6000     17195
7000     22964
8000     30471
9000     49413
10000     62569
20000     255202
30000     585711
40000     1085921
50000     1716864
60000     2497541
70000     3519575
80000     4593804
90000     5852740
100000     7246172
110000     8768851
120000     10320147
130000     12134129
140000     14500417
150000     16550357
160000     18818530
170000     21192806
180000     23822851
190000     26500016
200000     29651644
210000     32437308
220000     35711305
230000     38935397
240000     42426560
250000     45810145
260000     49531073
270000     55081086
280000     59026884
290000     63364832
300000     67551973
310000     72188628
320000     76793955
330000     82209449
340000     86573099
350000     91909832
360000     97083375
370000     102672172
380000     108014706
390000     114035994
400000     120909117
410000     126538964
420000     132512470
430000     139275008
440000     145497465
450000     152282364
460000     158906698
470000     166462802
480000     172995574
490000     180610309
500000     187483448
510000     194564317
520000     202420506
530000     213711867
540000     222268105
550000     229359195
560000     238269752
570000     246130339
580000     254395275
590000     263850248
600000     273038582
610000     282393592
620000     291004961
630000     299824703
640000     309805113
650000     318707688
660000     330342170
670000     340179336
680000     349140325
690000     360751896
700000     370845969
710000     381164576
720000     391532604
730000     403032874
740000     412911867
750000     424681585
760000     436262729
770000     448785100
780000     458891890
790000     475051858
800000     487291310
810000     497644063
820000     512335127
830000     523521537
840000     535300776
850000     547942557
860000     562002610
870000     573925264
880000     588080147
890000     600976117
900000     614204743
910000     627292211
920000     644947414
930000     656269115
940000     670563917
950000     684313817
960000     700225946
970000     712655139
980000     727420564
990000     744414236
1000000     757202432
