# execution time of sorting in respect to N
# N     time
1     2.1093e-05
2     2.5052e-05
3     4.3955e-05
4     3.7278e-05
5     4.0905e-05
6     4.8623e-05
7     5.5267e-05
8     6.309e-05
9     6.816e-05
10     7.4909e-05
20     0.000153958
30     0.000235684
40     0.000326191
50     0.00037066
60     0.000434184
70     0.000508308
80     0.000583724
90     0.00067047
100     0.000779861
200     0.00152926
300     0.00234281
400     0.00301458
500     0.00405389
600     0.00442845
700     0.00537177
800     0.00599752
900     0.00684956
1000     0.00768152
2000     0.0151799
3000     0.0227575
4000     0.0303623
5000     0.038045
6000     0.0467518
7000     0.0529119
8000     0.0602204
9000     0.06741
10000     0.0747791
20000     0.153662
30000     0.229275
40000     0.303893
50000     0.394437
60000     0.466212
70000     0.548929
80000     0.62737
90000     0.706369
100000     0.826374
110000     0.927577
120000     1.03223
130000     1.09389
140000     1.18563
150000     1.24832
160000     1.41959
170000     1.41393
180000     1.4782
190000     1.66886
200000     1.73786
210000     1.78748
220000     1.81524
230000     1.87825
240000     1.95655
250000     2.07482
260000     2.34042
270000     2.29663
280000     2.43243
290000     2.44355
300000     2.53654
310000     2.61679
320000     2.66944
330000     2.72238
340000     2.84664
350000     2.88236
360000     2.98653
370000     3.07389
380000     3.10998
390000     3.22597
400000     3.28208
410000     3.39226
420000     3.51607
430000     3.56616
440000     3.65129
450000     3.72238
460000     3.79715
470000     3.89832
480000     3.95953
490000     4.23295
500000     4.17998
510000     4.24281
520000     4.29604
530000     4.38256
540000     4.50065
550000     4.54459
560000     4.68141
570000     4.72092
580000     4.79944
590000     4.90185
600000     4.97655
610000     5.05759
620000     5.14364
630000     5.24776
640000     5.30487
650000     5.37506
660000     5.52843
670000     5.7992
680000     5.65633
690000     5.63928
700000     5.74632
710000     5.81311
720000     5.97937
730000     5.98869
740000     6.11708
750000     6.14326
760000     6.21231
770000     6.29897
780000     6.39809
790000     6.46919
800000     6.55972
810000     6.61646
820000     6.79829
830000     6.78559
840000     6.95968
850000     6.99684
860000     7.05766
870000     7.19105
880000     7.21719
890000     7.33849
900000     7.40082
910000     7.44682
920000     7.51036
930000     7.6126
940000     7.67262
950000     7.81368
960000     7.85517
970000     7.94637
980000     8.05231
990000     8.16764
1000000     8.21135
