# execution time of sorting in respect to N
# N     time
1     2.1767e-05
2     2.5914e-05
3     2.9826e-05
4     3.7988e-05
5     4.247e-05
6     4.9117e-05
7     8.2855e-05
8     6.6039e-05
9     7.0013e-05
10     7.6998e-05
20     0.000147859
30     0.000215077
40     0.000294197
50     0.000368639
60     0.000442669
70     0.000531404
80     0.000598692
90     0.000702699
100     0.000776959
200     0.00151856
300     0.00241455
400     0.00312315
500     0.00411203
600     0.00483494
700     0.00578318
800     0.00635702
900     0.00729026
1000     0.00831684
2000     0.0164251
3000     0.0243157
4000     0.0319704
5000     0.0397578
6000     0.0480281
7000     0.0552133
8000     0.0625145
9000     0.0699744
10000     0.0775299
20000     0.1709
30000     0.238236
40000     0.318951
50000     0.402562
60000     0.4852
70000     0.566089
80000     0.650644
90000     0.740615
100000     0.820593
110000     0.91083
120000     0.991446
130000     1.10337
140000     1.17021
150000     1.26734
160000     1.34917
170000     1.42371
180000     1.51414
190000     1.61266
200000     1.69801
210000     1.78957
220000     1.86748
230000     1.96646
240000     2.02966
250000     2.1341
260000     2.22632
270000     2.30229
280000     2.38894
290000     2.49101
300000     2.57394
310000     2.6616
320000     2.76821
330000     2.82421
340000     2.90968
350000     3.03059
360000     3.08997
370000     3.22826
380000     3.26119
390000     3.36688
400000     3.4679
410000     3.55878
420000     3.67148
430000     3.72756
440000     3.82563
450000     3.90509
460000     3.97918
470000     4.10068
480000     4.15375
490000     4.27604
500000     4.33966
510000     4.43359
520000     4.51234
530000     4.62313
540000     4.77044
550000     4.82053
560000     4.90434
570000     4.9411
580000     5.02049
590000     5.14826
600000     5.24083
610000     5.32939
620000     5.43694
630000     5.51331
640000     5.59705
650000     5.6693
660000     5.77598
670000     5.84663
680000     5.93523
690000     6.01617
700000     6.14353
710000     6.5742
720000     6.69062
730000     6.73892
740000     6.83833
750000     6.94922
760000     7.06872
770000     7.20456
780000     7.13079
790000     6.97296
800000     7.01586
810000     7.10708
820000     7.22935
830000     7.27527
840000     7.4134
850000     7.49811
860000     7.57222
870000     7.69016
880000     7.78348
890000     7.90123
900000     7.94242
910000     8.03208
920000     8.11028
930000     8.19116
940000     8.29164
950000     8.42285
960000     8.51159
970000     8.59591
980000     8.7373
990000     8.81203
1000000     8.92965
